[gd_scene format=3 uid="uid://b8topm6ndl17v"]

[ext_resource type="PackedScene" uid="uid://bvvs8e2wk35vx" path="res://scenes/catacombs/catacombs.tscn" id="1_8thrb"]
[ext_resource type="Script" uid="uid://buw32d3844l06" path="res://scripts/levels/catacombs_level.gd" id="1_54ht4"]
[ext_resource type="PackedScene" uid="uid://cxk27w5ficlco" path="res://scenes/player/player.tscn" id="2_w60cf"]
[ext_resource type="AudioStream" uid="uid://bspf1mkw7rsbx" path="res://assets/sounds/mhm.mp3" id="7_pho0m"]
[ext_resource type="Script" uid="uid://blesegkbsfser" path="res://scripts/triggers/scream.gd" id="8_7cme6"]
[ext_resource type="AudioStream" uid="uid://duusr86tgxjs5" path="res://assets/sounds/ambience.wav" id="8_kamq3"]
[ext_resource type="PackedScene" uid="uid://04m2i41b26xa" path="res://scenes/monster/monster.tscn" id="9_7cme6"]
[ext_resource type="AudioStream" uid="uid://hob3eo673lhj" path="res://assets/sounds/low_quality_scream.mp3" id="9_kamq3"]

[sub_resource type="BoxShape3D" id="BoxShape3D_ao5yu"]

[node name="catacombs" type="Node3D" unique_id=290181263]
script = ExtResource("1_54ht4")

[node name="music" type="AudioStreamPlayer" parent="." unique_id=1580155449]
stream = ExtResource("7_pho0m")
volume_db = -40.0
pitch_scale = 0.85
autoplay = true
mix_target = 1
bus = &"music"

[node name="ambience" type="AudioStreamPlayer" parent="." unique_id=2003621618]
stream = ExtResource("8_kamq3")
volume_db = -20.0
pitch_scale = 0.85
autoplay = true
mix_target = 1
bus = &"ambience"

[node name="Area3D" type="Area3D" parent="." unique_id=335482119]
transform = Transform3D(1, 0, 0, 0, 1, 0, 0, 0, 1, 0.10440302, -2.7429214, -9.901158)
script = ExtResource("8_7cme6")

[node name="CollisionShape3D" type="CollisionShape3D" parent="Area3D" unique_id=316813463]
shape = SubResource("BoxShape3D_ao5yu")

[node name="scream 1" type="AudioStreamPlayer3D" parent="Area3D" unique_id=1699368572]
transform = Transform3D(1, 0, 0, 0, 1, 0, 0, 0, 1, -6.310372, -1.7560992, -14.070182)
stream = ExtResource("9_kamq3")
attenuation_model = 2
volume_db = 5.0
max_db = 5.0
bus = &"screams"

[node name="catacombs" parent="." unique_id=396458305 instance=ExtResource("1_8thrb")]

[node name="player" parent="." unique_id=1570651658 instance=ExtResource("2_w60cf")]

[node name="pixelate" parent="player/head/lean/pivot/camera" parent_id_path=PackedInt32Array(1570651658, 1055946145) index="0" unique_id=93580127]
visible = false

[node name="OmniLight3D" parent="player/SubViewportContainer/hand_view/sway/holder/lantern/lantern/Armature/Skeleton3D/Bone_001/top/base/Cylinder_001" parent_id_path=PackedInt32Array(1570651658, 1576551668, 719875267) index="0" unique_id=1117837402]
light_energy = 10.924527
shadow_blur = 6.128301

[node name="monster" parent="." unique_id=832945777 node_paths=PackedStringArray("player") instance=ExtResource("9_7cme6")]
transform = Transform3D(0.6131139, 0, -0.78999454, 0, 1, 0, 0.78999454, 0, 0.6131139, 2.4476185, -0.46678486, -2.938526)
player = NodePath("../player")

[node name="monster" parent="monster" index="10" unique_id=660503573]
transform = Transform3D(0.3, 0, 0, 0, 0.3, 0, 0, 0, 0.3, 0, -0.48348162, 0)

[node name="l_hand" parent="monster/monster/Armature/Skeleton3D" parent_id_path=PackedInt32Array(832945777, 660503573, 1824726652) index="2" unique_id=1925841840]
transform = Transform3D(-0.10674134, 0.9900472, -0.09171764, -0.6409895, -0.13903719, -0.75485134, -0.76009077, -0.021783886, 0.6494511, 3.0125828, -0.25602072, -0.28021613)

[node name="l_forearm" parent="monster/monster/Armature/Skeleton3D" parent_id_path=PackedInt32Array(832945777, 660503573, 1824726652) index="3" unique_id=1328960560]
transform = Transform3D(-0.0596793, 0.9900474, -0.12745237, -0.27459872, -0.13903679, -0.9514535, -0.9597049, -0.0217839, 0.28016317, 1.8021109, -0.086028636, -0.25358218)

[node name="l_arm" parent="monster/monster/Armature/Skeleton3D" parent_id_path=PackedInt32Array(832945777, 660503573, 1824726652) index="4" unique_id=2038679607]
transform = Transform3D(-0.09177067, 0.99004734, -0.10669565, -0.5204648, -0.13903706, -0.842487, -0.8489369, -0.021784363, 0.52804416, 0.60870117, 0.08156748, -0.22732306)

[node name="r_hand" parent="monster/monster/Armature/Skeleton3D" parent_id_path=PackedInt32Array(832945777, 660503573, 1824726652) index="5" unique_id=1326891952]
transform = Transform3D(0.23536983, -0.67232734, 0.7018375, -0.96737933, -0.23167259, 0.10249095, 0.09368871, -0.7030669, -0.70492476, -2.2218442, -0.4809436, -1.934403)

[node name="r_forearm" parent="monster/monster/Armature/Skeleton3D" parent_id_path=PackedInt32Array(832945777, 660503573, 1824726652) index="6" unique_id=1626055945]
transform = Transform3D(0.7288904, -0.6723272, -0.12920502, -0.041410267, -0.23167199, 0.9719118, -0.68337655, -0.7030673, -0.19670448, -1.39983, -0.197692, -1.0748045)

[node name="r_arm" parent="monster/monster/Armature/Skeleton3D" parent_id_path=PackedInt32Array(832945777, 660503573, 1824726652) index="7" unique_id=1575093946]
transform = Transform3D(-0.052393608, -0.6723275, 0.7383967, -0.9324902, -0.2316722, -0.27710867, 0.35737363, -0.70306706, -0.6148012, -0.5894017, 0.08156726, -0.22732258)

[node name="l_foot" parent="monster/monster/Armature/Skeleton3D" parent_id_path=PackedInt32Array(832945777, 660503573, 1824726652) index="9" unique_id=1357696880]
transform = Transform3D(-0.69430625, -0.09333315, 0.71360195, -0.69409883, -0.17517191, -0.69824165, 0.19017228, -0.9801039, 0.056840375, 0.084477544, 0.46424723, -3.840775)

[node name="l_calf" parent="monster/monster/Armature/Skeleton3D" parent_id_path=PackedInt32Array(832945777, 660503573, 1824726652) index="10" unique_id=2110775919]
transform = Transform3D(-0.97204053, -0.093332775, 0.21546742, -0.19700442, -0.17517175, -0.9646263, 0.12777531, -0.98010397, 0.15188706, 0.21566008, 0.7104578, -2.463201)

[node name="l_leg" parent="monster/monster/Armature/Skeleton3D" parent_id_path=PackedInt32Array(832945777, 660503573, 1824726652) index="11" unique_id=398573463]
transform = Transform3D(-0.8709577, -0.09333296, 0.48241204, -0.46260417, -0.17517152, -0.8690869, 0.16561954, -0.980104, 0.10939071, 0.3320531, 0.9289093, -1.2409406)

[node name="r_foot" parent="monster/monster/Armature/Skeleton3D" parent_id_path=PackedInt32Array(832945777, 660503573, 1824726652) index="12" unique_id=1545686329]
transform = Transform3D(-0.34698564, 0.5424935, 0.76504934, -0.9342692, -0.12852496, -0.3325988, -0.08210479, -0.83016956, 0.55143166, 1.1262703, 0.5879851, -3.443056)

[node name="r_calf" parent="monster/monster/Armature/Skeleton3D" parent_id_path=PackedInt32Array(832945777, 660503573, 1824726652) index="13" unique_id=948173683]
transform = Transform3D(-0.825844, 0.54249364, 0.1538876, -0.26262367, -0.12852398, -0.9563007, -0.49900886, -0.8301697, 0.24861234, 0.3637751, 0.76863056, -2.2762213)

[node name="r_leg" parent="monster/monster/Armature/Skeleton3D" parent_id_path=PackedInt32Array(832945777, 660503573, 1824726652) index="14" unique_id=609327675]
transform = Transform3D(0.795201, 0.5424939, -0.27084136, 0.39717805, -0.12852378, 0.9086974, 0.45815372, -0.8301694, -0.31766874, -0.31275418, 0.9289091, -1.24094)

[node name="step_targets" parent="monster/monster/Armature/Skeleton3D" parent_id_path=PackedInt32Array(832945777, 660503573, 1824726652) index="20" unique_id=2117783646]
transform = Transform3D(0.9999969, 0, 5.066395e-07, 0, 0.99999917, 0, -5.066395e-07, 0, 0.9999969, -0.045527935, 1.9630831, 0.40756798)
look_ahead_seconds = 0.3

[node name="r_arm_step_target" parent="monster/monster/Armature/Skeleton3D/step_targets" index="0" unique_id=1917531191]
transform = Transform3D(-0.08386499, 0.5229562, 0.84823114, 0.06694608, -0.84648216, 0.5283317, 0.99420714, 0.10111235, 0.035975397, -2089.0393, -704.30524, -2156.9565)

[node name="l_arm_step_target" parent="monster/monster/Armature/Skeleton3D/step_targets" index="1" unique_id=1263795975]
transform = Transform3D(0.99031526, -0.0925535, 0.10179517, -0.04286611, 0.49542812, 0.867764, -0.13068426, -0.8638706, 0.48675698, 1787.2888, -252.7862, -39.94516)

[node name="r_leg_step_target" parent="monster/monster/Armature/Skeleton3D/step_targets" index="2" unique_id=1296562492]
transform = Transform3D(0.6839813, -0.72367185, -0.0929707, 0.65397596, 0.5517175, 0.51767224, -0.32332113, -0.41496342, 0.8504131, 1029.1501, -237.62747, -1535.6926)

[node name="l_leg_step_target" parent="monster/monster/Armature/Skeleton3D/step_targets" index="3" unique_id=1182614964]
transform = Transform3D(0.62696636, -0.7604282, 0.17003572, 0.77296925, 0.6345293, -0.012413016, -0.09847015, 0.13923866, 0.98518896, -217.09485, -409.19778, -2285.3699)

[node name="r_arm_target" parent="monster/monster/Armature" parent_id_path=PackedInt32Array(832945777, 660503573, 761020580) index="1" unique_id=1470774718]
transform = Transform3D(-0.41352946, 0.90293574, -0.117029496, -0.5176619, -0.12742274, 0.84603155, 0.7490121, 0.4104455, 0.5201027, 134.66946, -214.85266, -891.2403)

[node name="l_arm_target" parent="monster/monster/Armature" parent_id_path=PackedInt32Array(832945777, 660503573, 761020580) index="2" unique_id=1749603167]
transform = Transform3D(0.7105344, 0.6256065, -0.32206693, -0.042873338, 0.49534968, 0.86761445, 0.7023358, -0.60267127, 0.37878913, 340.65723, -76.30258, 413.29727)

[node name="r_leg_target" parent="monster/monster/Armature" parent_id_path=PackedInt32Array(832945777, 660503573, 761020580) index="3" unique_id=253089859]
transform = Transform3D(0.5928821, -0.27100122, -0.75831515, 0.51360196, -0.5980256, 0.61528265, -0.62022716, -0.75427043, -0.2153743, 554.01776, -72.45163, -48.153847)

[node name="l_leg_target" parent="monster/monster/Armature" parent_id_path=PackedInt32Array(832945777, 660503573, 761020580) index="4" unique_id=707524935]
transform = Transform3D(0.46212235, -0.57614183, -0.67414576, 0.77285314, 0.63443685, -0.012414962, 0.43486008, -0.5152886, 0.7384738, 504.14365, -123.22602, -474.74606)

[connection signal="body_entered" from="Area3D" to="Area3D" method="_on_body_entered"]

[editable path="catacombs"]
[editable path="player"]
[editable path="player/SubViewportContainer/hand_view/sway/holder/chalk"]
[editable path="player/SubViewportContainer/hand_view/sway/holder/chalk/chalk"]
[editable path="player/SubViewportContainer/hand_view/sway/holder/lantern/lantern"]
[editable path="monster"]
[editable path="monster/monster"]
