[gd_scene format=3 uid="uid://b8topm6ndl17v"]

[ext_resource type="PackedScene" uid="uid://bvvs8e2wk35vx" path="res://scenes/catacombs/catacombs.tscn" id="1_8thrb"]
[ext_resource type="Script" uid="uid://buw32d3844l06" path="res://scripts/levels/catacombs_level.gd" id="1_54ht4"]
[ext_resource type="PackedScene" uid="uid://cxk27w5ficlco" path="res://scenes/player/player.tscn" id="2_w60cf"]
[ext_resource type="AudioStream" uid="uid://bspf1mkw7rsbx" path="res://assets/sounds/mhm.mp3" id="7_pho0m"]
[ext_resource type="Script" uid="uid://blesegkbsfser" path="res://scripts/triggers/scream.gd" id="8_7cme6"]
[ext_resource type="AudioStream" uid="uid://duusr86tgxjs5" path="res://assets/sounds/ambience.wav" id="8_kamq3"]
[ext_resource type="PackedScene" uid="uid://04m2i41b26xa" path="res://scenes/monster/monster.tscn" id="9_7cme6"]
[ext_resource type="AudioStream" uid="uid://hob3eo673lhj" path="res://assets/sounds/low_quality_scream.mp3" id="9_kamq3"]

[sub_resource type="BoxShape3D" id="BoxShape3D_ao5yu"]

[node name="catacombs" type="Node3D" unique_id=290181263]
script = ExtResource("1_54ht4")

[node name="music" type="AudioStreamPlayer" parent="." unique_id=1580155449]
stream = ExtResource("7_pho0m")
volume_db = -40.0
pitch_scale = 0.85
autoplay = true
mix_target = 1
bus = &"music"

[node name="ambience" type="AudioStreamPlayer" parent="." unique_id=2003621618]
stream = ExtResource("8_kamq3")
volume_db = -20.0
pitch_scale = 0.85
autoplay = true
mix_target = 1
bus = &"ambience"

[node name="Area3D" type="Area3D" parent="." unique_id=335482119]
transform = Transform3D(1, 0, 0, 0, 1, 0, 0, 0, 1, 0.10440302, -2.7429214, -9.901158)
script = ExtResource("8_7cme6")

[node name="CollisionShape3D" type="CollisionShape3D" parent="Area3D" unique_id=316813463]
shape = SubResource("BoxShape3D_ao5yu")

[node name="scream 1" type="AudioStreamPlayer3D" parent="Area3D" unique_id=1699368572]
transform = Transform3D(1, 0, 0, 0, 1, 0, 0, 0, 1, -6.310372, -1.7560992, -14.070182)
stream = ExtResource("9_kamq3")
attenuation_model = 2
volume_db = 5.0
max_db = 5.0
bus = &"screams"

[node name="catacombs" parent="." unique_id=396458305 instance=ExtResource("1_8thrb")]

[node name="player" parent="." unique_id=1570651658 instance=ExtResource("2_w60cf")]

[node name="pixelate" parent="player/head/lean/pivot/camera" parent_id_path=PackedInt32Array(1570651658, 1055946145) index="0" unique_id=93580127]
visible = false

[node name="OmniLight3D" parent="player/SubViewportContainer/hand_view/sway/holder/lantern/lantern/Armature/Skeleton3D/Bone_001/top/base/Cylinder_001" parent_id_path=PackedInt32Array(1570651658, 1576551668, 719875267) index="0" unique_id=1117837402]
light_energy = 11.163024
shadow_blur = 6.354873

[node name="monster" parent="." unique_id=832945777 node_paths=PackedStringArray("player") instance=ExtResource("9_7cme6")]
transform = Transform3D(0.6131139, 0, -0.78999454, 0, 1, 0, 0.78999454, 0, 0.6131139, 2.4476185, -0.46678486, -2.938526)
player = NodePath("../player")

[node name="monster" parent="monster" index="10" unique_id=660503573]
transform = Transform3D(0.3, 0, 0, 0, 0.3, 0, 0, 0, 0.3, 0, -0.48348162, 0)

[node name="l_hand" parent="monster/monster/Armature/Skeleton3D" parent_id_path=PackedInt32Array(832945777, 660503573, 1824726652) index="2" unique_id=1925841840]
transform = Transform3D(0.47635007, -0.7765504, 0.41238216, -0.8791809, -0.426773, 0.21190745, 0.011436954, -0.46350095, -0.886022, 1.0748819, -0.37399334, 1.364474)

[node name="l_forearm" parent="monster/monster/Armature/Skeleton3D" parent_id_path=PackedInt32Array(832945777, 660503573, 1824726652) index="3" unique_id=1328960560]
transform = Transform3D(0.56139576, -0.4807934, -0.6735517, -0.8252646, -0.26485536, -0.49878773, 0.06142029, 0.8358761, -0.54547065, 1.662719, -0.05017054, 0.34249818)

[node name="l_arm" parent="monster/monster/Armature/Skeleton3D" parent_id_path=PackedInt32Array(832945777, 660503573, 1824726652) index="4" unique_id=2038679607]
transform = Transform3D(0.33130616, 0.87440854, -0.35446495, -0.57730204, -0.10928936, -0.80918336, -0.7462961, 0.4727212, 0.4685896, 0.60870117, 0.08156748, -0.22732306)

[node name="r_hand" parent="monster/monster/Armature/Skeleton3D" parent_id_path=PackedInt32Array(832945777, 660503573, 1824726652) index="5" unique_id=1326891952]
transform = Transform3D(0.3068447, 0.76823145, -0.56184113, -0.674984, -0.24053009, -0.69752485, -0.6710009, 0.59326595, 0.44473898, -0.86377585, -0.4450978, 1.4486617)

[node name="r_forearm" parent="monster/monster/Armature/Skeleton3D" parent_id_path=PackedInt32Array(832945777, 660503573, 1824726652) index="6" unique_id=1626055945]
transform = Transform3D(0.5415019, 0.55359334, -0.6326998, -0.5943426, -0.28018343, -0.7538257, -0.5945854, 0.78423905, 0.17730439, -1.5406213, -0.1025344, 0.48981965)

[node name="r_arm" parent="monster/monster/Armature/Skeleton3D" parent_id_path=PackedInt32Array(832945777, 660503573, 1824726652) index="7" unique_id=1575093946]
transform = Transform3D(0.42769945, -0.78912735, -0.4408517, -0.8318208, -0.15272991, -0.533617, 0.3537605, 0.59493786, -0.72173536, -0.5894017, 0.08156726, -0.22732258)

[node name="l_foot" parent="monster/monster/Armature/Skeleton3D" parent_id_path=PackedInt32Array(832945777, 660503573, 1824726652) index="9" unique_id=1357696880]
transform = Transform3D(-0.47720423, -0.60443616, -0.6379128, -0.35537952, -0.531162, 0.769137, -0.8037295, 0.593737, 0.038668662, 2.0193028, -0.17038476, -1.6831355)

[node name="l_calf" parent="monster/monster/Armature/Skeleton3D" parent_id_path=PackedInt32Array(832945777, 660503573, 1824726652) index="10" unique_id=2110775919]
transform = Transform3D(-0.87867314, 0.45310494, 0.15042967, -0.40008518, -0.526901, -0.74987113, -0.260509, -0.71907663, 0.64425457, 1.3824462, 0.5701947, -0.6724456)

[node name="l_leg" parent="monster/monster/Armature/Skeleton3D" parent_id_path=PackedInt32Array(832945777, 660503573, 1824726652) index="11" unique_id=398573463]
transform = Transform3D(-0.115246, 0.8422873, -0.526564, -0.9222571, -0.28764534, -0.2582656, -0.3689977, 0.45586374, 0.8099559, 0.3320531, 0.9289093, -1.2409406)

[node name="r_foot" parent="monster/monster/Armature/Skeleton3D" parent_id_path=PackedInt32Array(832945777, 660503573, 1824726652) index="12" unique_id=1545686329]
transform = Transform3D(-0.6755724, 0.22871435, -0.70092165, -0.73637664, -0.25670254, 0.6259816, -0.03675729, 0.93903834, 0.3418414, -1.8173356, -0.35913283, -1.2514734)

[node name="r_calf" parent="monster/monster/Armature/Skeleton3D" parent_id_path=PackedInt32Array(832945777, 660503573, 1824726652) index="13" unique_id=948173683]
transform = Transform3D(-0.9093918, -0.36321625, 0.20268288, 0.1712209, -0.7709839, -0.6134064, 0.37906462, -0.5231233, 0.7633167, -1.3068215, 0.72451407, -0.51620406)

[node name="r_leg" parent="monster/monster/Armature/Skeleton3D" parent_id_path=PackedInt32Array(832945777, 660503573, 1824726652) index="14" unique_id=609327675]
transform = Transform3D(-0.19204277, -0.79712075, -0.5724661, -0.8436644, -0.16389987, 0.5112403, -0.5013474, 0.58114976, -0.6410269, -0.31275418, 0.9289091, -1.24094)

[node name="step_targets" parent="monster/monster/Armature/Skeleton3D" parent_id_path=PackedInt32Array(832945777, 660503573, 1824726652) index="20" unique_id=2117783646]
transform = Transform3D(0.9999969, 0, 5.066395e-07, 0, 0.99999917, 0, -5.066395e-07, 0, 0.9999969, -0.0453887, -0.53691506, 0.4069748)

[node name="r_arm_target" parent="monster/monster/Armature" parent_id_path=PackedInt32Array(832945777, 660503573, 761020580) index="1" unique_id=1470774718]
transform = Transform3D(1, 0, 0, 0, 1, 0, 0, 0, 1, 2.0506458, -1.2167847, -2.8298013)

[node name="l_arm_target" parent="monster/monster/Armature" parent_id_path=PackedInt32Array(832945777, 660503573, 761020580) index="2" unique_id=1749603167]
transform = Transform3D(1, 0, 0, 0, 1, 0, 0, 0, 1, 2.414322, -1.2167847, -2.5997868)

[node name="r_leg_target" parent="monster/monster/Armature" parent_id_path=PackedInt32Array(832945777, 660503573, 761020580) index="3" unique_id=253089859]
transform = Transform3D(1, 0, 0, 0, 1, 0, 0, 0, 1, 2.3899188, -1.2167847, -3.5064368)

[node name="l_leg_target" parent="monster/monster/Armature" parent_id_path=PackedInt32Array(832945777, 660503573, 761020580) index="4" unique_id=707524935]
transform = Transform3D(1, 0, 0, 0, 1, 0, 0, 0, 1, 3.149088, -1.2167847, -2.8572083)

[connection signal="body_entered" from="Area3D" to="Area3D" method="_on_body_entered"]

[editable path="catacombs"]
[editable path="player"]
[editable path="player/SubViewportContainer/hand_view/sway/holder/chalk"]
[editable path="player/SubViewportContainer/hand_view/sway/holder/chalk/chalk"]
[editable path="player/SubViewportContainer/hand_view/sway/holder/lantern/lantern"]
[editable path="monster"]
[editable path="monster/monster"]
