[gd_scene format=3 uid="uid://b8topm6ndl17v"]

[ext_resource type="PackedScene" uid="uid://bvvs8e2wk35vx" path="res://scenes/catacombs/catacombs.tscn" id="1_8thrb"]
[ext_resource type="Script" uid="uid://buw32d3844l06" path="res://scripts/levels/catacombs_level.gd" id="1_54ht4"]
[ext_resource type="PackedScene" uid="uid://cxk27w5ficlco" path="res://scenes/player/player.tscn" id="2_w60cf"]
[ext_resource type="AudioStream" uid="uid://bspf1mkw7rsbx" path="res://assets/sounds/mhm.mp3" id="7_pho0m"]
[ext_resource type="Script" uid="uid://blesegkbsfser" path="res://scripts/triggers/scream.gd" id="8_7cme6"]
[ext_resource type="AudioStream" uid="uid://duusr86tgxjs5" path="res://assets/sounds/ambience.wav" id="8_kamq3"]
[ext_resource type="PackedScene" uid="uid://04m2i41b26xa" path="res://scenes/monster/monster.tscn" id="9_7cme6"]
[ext_resource type="AudioStream" uid="uid://hob3eo673lhj" path="res://assets/sounds/low_quality_scream.mp3" id="9_kamq3"]

[sub_resource type="BoxShape3D" id="BoxShape3D_ao5yu"]

[node name="catacombs" type="Node3D" unique_id=290181263]
script = ExtResource("1_54ht4")

[node name="music" type="AudioStreamPlayer" parent="." unique_id=1580155449]
stream = ExtResource("7_pho0m")
volume_db = -40.0
pitch_scale = 0.85
autoplay = true
mix_target = 1
bus = &"music"

[node name="ambience" type="AudioStreamPlayer" parent="." unique_id=2003621618]
stream = ExtResource("8_kamq3")
volume_db = -20.0
pitch_scale = 0.85
autoplay = true
mix_target = 1
bus = &"ambience"

[node name="Area3D" type="Area3D" parent="." unique_id=335482119]
transform = Transform3D(1, 0, 0, 0, 1, 0, 0, 0, 1, 0.10440302, -2.7429214, -9.901158)
script = ExtResource("8_7cme6")

[node name="CollisionShape3D" type="CollisionShape3D" parent="Area3D" unique_id=316813463]
shape = SubResource("BoxShape3D_ao5yu")

[node name="scream 1" type="AudioStreamPlayer3D" parent="Area3D" unique_id=1699368572]
transform = Transform3D(1, 0, 0, 0, 1, 0, 0, 0, 1, -6.310372, -1.7560992, -14.070182)
stream = ExtResource("9_kamq3")
attenuation_model = 2
volume_db = 5.0
max_db = 5.0
bus = &"screams"

[node name="catacombs" parent="." unique_id=396458305 instance=ExtResource("1_8thrb")]

[node name="player" parent="." unique_id=1570651658 instance=ExtResource("2_w60cf")]

[node name="pixelate" parent="player/head/lean/pivot/camera" parent_id_path=PackedInt32Array(1570651658, 1055946145) index="0" unique_id=93580127]
visible = false

[node name="OmniLight3D" parent="player/SubViewportContainer/hand_view/sway/holder/lantern/lantern/Armature/Skeleton3D/Bone_001/top/base/Cylinder_001" parent_id_path=PackedInt32Array(1570651658, 1576551668, 719875267) index="0" unique_id=1117837402]
light_energy = 9.513626
shadow_blur = 4.787944

[node name="Sprite3D2" parent="player/SubViewportContainer/hand_view/sway/holder/lantern/lantern/Armature/Skeleton3D/Bone_001/top/base/Cylinder_001/OmniLight3D" index="0" unique_id=1099298432]
frame = 1

[node name="monster" parent="." unique_id=832945777 node_paths=PackedStringArray("player") instance=ExtResource("9_7cme6")]
transform = Transform3D(0.79159695, 0, -0.6110436, 0, 1, 0, 0.6110436, 0, 0.79159695, 2.8291342, -0.46678486, -3.1594396)
player = NodePath("../player")

[node name="l_hand" parent="monster/monster/Armature/Skeleton3D" parent_id_path=PackedInt32Array(832945777, 660503573, 1824726652) index="2" unique_id=1925841840]
transform = Transform3D(0.4676426, -0.13896711, -0.87292457, 0.10492252, 0.9893087, -0.1012862, 0.87766755, -0.044223778, 0.47722426, 0.7884315, 1.4417727, 1.2249858)

[node name="l_forearm" parent="monster/monster/Armature/Skeleton3D" parent_id_path=PackedInt32Array(832945777, 660503573, 1824726652) index="3" unique_id=1328960560]
transform = Transform3D(-0.024754226, -0.43167725, -0.9016876, -0.52618825, 0.77253765, -0.3554021, 0.85000736, 0.4656601, -0.24626727, 1.3162177, 0.49723703, 0.655651)

[node name="l_arm" parent="monster/monster/Armature/Skeleton3D" parent_id_path=PackedInt32Array(832945777, 660503573, 1824726652) index="4" unique_id=2038679607]
transform = Transform3D(0.77309483, 0.5869526, -0.240437, -0.5074097, 0.34483755, -0.78969747, -0.3806036, 0.73251146, 0.5644176, 0.60870117, 0.08156748, -0.22732306)

[node name="r_hand" parent="monster/monster/Armature/Skeleton3D" parent_id_path=PackedInt32Array(832945777, 660503573, 1824726652) index="5" unique_id=1326891952]
transform = Transform3D(0.4640335, -0.11626927, -0.87815326, 0.16400483, 0.9854858, -0.043816164, 0.8705022, -0.123689234, 0.47636694, -1.2567233, 1.4502323, 1.0500994)

[node name="r_forearm" parent="monster/monster/Armature/Skeleton3D" parent_id_path=PackedInt32Array(832945777, 660503573, 1824726652) index="6" unique_id=1626055945]
transform = Transform3D(0.9550276, 0.18904942, -0.228434, -0.2674541, 0.881843, -0.3883555, 0.12802441, 0.43198594, 0.8927466, -1.4878628, 0.3720557, 0.5219362)

[node name="r_arm" parent="monster/monster/Armature/Skeleton3D" parent_id_path=PackedInt32Array(832945777, 660503573, 1824726652) index="7" unique_id=1575093946]
transform = Transform3D(0.16942556, -0.7453591, -0.6447739, -0.83329123, 0.24098787, -0.49754393, 0.52623165, 0.6215817, -0.5802721, -0.5894017, 0.08156726, -0.22732258)

[node name="l_foot" parent="monster/monster/Armature/Skeleton3D" parent_id_path=PackedInt32Array(832945777, 660503573, 1824726652) index="9" unique_id=1357696880]
transform = Transform3D(-0.49750942, 0.08898333, -0.8628824, -0.36410233, 0.88143796, 0.30082643, 0.78734577, 0.46384162, -0.40612483, 2.05637, 1.2162831, -0.79544157)

[node name="l_calf" parent="monster/monster/Armature/Skeleton3D" parent_id_path=PackedInt32Array(832945777, 660503573, 1824726652) index="10" unique_id=2110775919]
transform = Transform3D(-0.0033067167, 0.7010106, 0.713143, -0.30145067, 0.6792735, -0.669115, -0.9534761, -0.21719047, 0.20907405, 1.071073, 0.2615381, -0.49017233)

[node name="l_leg" parent="monster/monster/Armature/Skeleton3D" parent_id_path=PackedInt32Array(832945777, 660503573, 1824726652) index="11" unique_id=398573463]
transform = Transform3D(-0.25910348, 0.5926041, -0.7626828, -0.83432084, -0.5351505, -0.13237065, -0.4865936, 0.6020248, 0.6330819, 0.3320531, 0.9289093, -1.2409406)

[node name="r_foot" parent="monster/monster/Armature/Skeleton3D" parent_id_path=PackedInt32Array(832945777, 660503573, 1824726652) index="12" unique_id=1545686329]
transform = Transform3D(-0.59916186, 0.40054935, -0.69322795, -0.14537604, 0.79703265, 0.58617747, 0.7873185, 0.45199412, -0.41932148, -1.5507742, 1.2766327, -1.3763582)

[node name="r_calf" parent="monster/monster/Armature/Skeleton3D" parent_id_path=PackedInt32Array(832945777, 660503573, 1824726652) index="13" unique_id=948173683]
transform = Transform3D(-0.80762005, -0.34405157, -0.4789347, 0.16099061, 0.6526741, -0.74033654, 0.56730217, -0.6750148, -0.47172374, -1.0671965, 0.3592748, -0.42759937)

[node name="r_leg" parent="monster/monster/Armature/Skeleton3D" parent_id_path=PackedInt32Array(832945777, 660503573, 1824726652) index="14" unique_id=609327675]
transform = Transform3D(-0.04775796, -0.60497075, -0.7948139, -0.7968013, -0.45677713, 0.3955525, -0.6023504, 0.6521999, -0.4602271, -0.31275418, 0.9289091, -1.24094)

[node name="step_targets" parent="monster/monster/Armature/Skeleton3D" parent_id_path=PackedInt32Array(832945777, 660503573, 1824726652) index="20" unique_id=2117783646]
transform = Transform3D(0.9999992, 0, 1.1920929e-07, 0, 0.99999946, 0, -1.1920929e-07, 0, 0.9999992, -0.04553032, -0.67269707, 0.40757656)

[node name="r_arm_target" parent="monster/monster/Armature" parent_id_path=PackedInt32Array(832945777, 660503573, 761020580) index="1" unique_id=1470774718]
transform = Transform3D(1, 0, 0, 0, 1, 0, 0, 0, 1, 2.4218273, -0.46678638, -3.2482743)

[node name="l_arm_target" parent="monster/monster/Armature" parent_id_path=PackedInt32Array(832945777, 660503573, 761020580) index="2" unique_id=1749603167]
transform = Transform3D(1, 0, 0, 0, 1, 0, 0, 0, 1, 2.8676379, -0.46678615, -2.826465)

[node name="r_leg_target" parent="monster/monster/Armature" parent_id_path=PackedInt32Array(832945777, 660503573, 761020580) index="3" unique_id=253089859]
transform = Transform3D(1, 0, 0, 0, 1, 0, 0, 0, 1, 2.8071618, -0.46678615, -3.734128)

[node name="l_leg_target" parent="monster/monster/Armature" parent_id_path=PackedInt32Array(832945777, 660503573, 761020580) index="4" unique_id=707524935]
transform = Transform3D(1, 0, 0, 0, 1, 0, 0, 0, 1, 3.504526, -0.46678638, -2.9721594)

[connection signal="body_entered" from="Area3D" to="Area3D" method="_on_body_entered"]

[editable path="catacombs"]
[editable path="player"]
[editable path="player/SubViewportContainer/hand_view/sway/holder/chalk"]
[editable path="player/SubViewportContainer/hand_view/sway/holder/chalk/chalk"]
[editable path="player/SubViewportContainer/hand_view/sway/holder/lantern/lantern"]
[editable path="monster"]
[editable path="monster/monster"]
